2.96875
2(0, 0): (30, 2.96875)
(0, 0): (30, 2.96875)
2(0, 1): (30, 2.96875)
(0, 1): (30, 2.96875)
2(0, 2): (30, 2.96875)
(0, 2): (30, 2.96875)
2(0, 3): (30, 2.96875)
(0, 3): (30, 2.96875)
2(0, 4): (30, 2.96875)
(0, 4): (30, 2.96875)
2(0, 5): (30, 2.96875)
(0, 5): (30, 2.96875)
2(0, 6): (30, 2.96875)
(0, 6): (30, 2.96875)
2(0, 7): (30, 2.96875)
(0, 7): (30, 2.96875)
2(0, 8): (30, 2.96875)
(0, 8): (30, 2.96875)
2(0, 9): (30, 2.96875)
(0, 9): (30, 2.96875)
2(0, 10): (30, 2.96875)
(0, 10): (30, 2.96875)
2(0, 11): (30, 2.96875)
(0, 11): (30, 2.96875)
2(0, 12): (30, 2.96875)
(0, 12): (30, 2.96875)
2(0, 13): (30, 2.96875)
(0, 13): (30, 2.96875)
2(0, 14): (30, 2.96875)
(0, 14): (30, 2.96875)
2(0, 15): (30, 2.96875)
(0, 15): (30, 2.96875)
2(0, 16): (30, 2.96875)
(0, 16): (30, 2.96875)
2(0, 17): (30, 2.96875)
(0, 17): (30, 2.96875)
2(0, 18): (30, 2.96875)
(0, 18): (30, 2.96875)
2(0, 19): (30, 2.96875)
(0, 19): (30, 2.96875)
2(0, 20): (30, 2.96875)
(0, 20): (30, 2.96875)
2(0, 21): (30, 2.96875)
(0, 21): (30, 2.96875)
2(0, 22): (30, 2.96875)
(0, 22): (30, 2.96875)
2(0, 23): (30, 2.96875)
(0, 23): (30, 2.96875)
2(0, 24): (30, 2.96875)
(0, 24): (30, 2.96875)
2(0, 25): (30, 2.96875)
(0, 25): (30, 2.96875)
2(0, 26): (30, 2.96875)
(0, 26): (30, 2.96875)
2(0, 27): (30, 2.96875)
(0, 27): (30, 2.96875)
2(0, 28): (30, 2.96875)
(0, 28): (30, 2.96875)
2(0, 29): (30, 2.96875)
(0, 29): (30, 2.96875)
2(0, 30): (30, 2.96875)
(0, 30): (30, 2.96875)
2(0, 31): (30, 2.96875)
(0, 31): (30, 2.96875)
2(0, 32): (30, 2.96875)
(0, 32): (30, 2.96875)
2(0, 0): (0, 0)
(0, 0): (0, 0)
2(0, 32): (0, 0)
(0, 32): (0, 0)
2(1, 0): (0, 0)
(1, 0): (0, 0)
2(1, 32): (0, 0)
(1, 32): (0, 0)
2(2, 0): (0, 0)
(2, 0): (0, 0)
2(2, 32): (0, 0)
(2, 32): (0, 0)
2(3, 0): (0, 0)
(3, 0): (0, 0)
2(3, 32): (0, 0)
(3, 32): (0, 0)
2(4, 0): (0, 0)
(4, 0): (0, 0)
2(4, 32): (0, 0)
(4, 32): (0, 0)
2(5, 0): (0, 0)
(5, 0): (0, 0)
2(5, 32): (0, 0)
(5, 32): (0, 0)
2(6, 0): (0, 0)
(6, 0): (0, 0)
2(6, 32): (0, 0)
(6, 32): (0, 0)
2(7, 0): (0, 0)
(7, 0): (0, 0)
2(7, 32): (0, 0)
(7, 32): (0, 0)
2(8, 0): (0, 0)
(8, 0): (0, 0)
2(8, 32): (0, 0)
(8, 32): (0, 0)
2(9, 0): (0, 0)
(9, 0): (0, 0)
2(9, 32): (0, 0)
(9, 32): (0, 0)
2(10, 0): (0, 0)
(10, 0): (0, 0)
2(10, 32): (0, 0)
(10, 32): (0, 0)
2(11, 0): (0, 0)
(11, 0): (0, 0)
2(11, 32): (0, 0)
(11, 32): (0, 0)
2(12, 0): (0, 0)
(12, 0): (0, 0)
2(12, 32): (0, 0)
(12, 32): (0, 0)
2(13, 0): (0, 0)
(13, 0): (0, 0)
2(13, 32): (0, 0)
(13, 32): (0, 0)
2(14, 0): (0, 0)
(14, 0): (0, 0)
2(14, 32): (0, 0)
(14, 32): (0, 0)
2(15, 0): (0, 0)
(15, 0): (0, 0)
2(15, 32): (0, 0)
(15, 32): (0, 0)
2(16, 0): (0, 0)
(16, 0): (0, 0)
2(16, 32): (0, 0)
(16, 32): (0, 0)
2(17, 0): (0, 0)
(17, 0): (0, 0)
2(17, 32): (0, 0)
(17, 32): (0, 0)
2(18, 0): (0, 0)
(18, 0): (0, 0)
2(18, 32): (0, 0)
(18, 32): (0, 0)
2(19, 0): (0, 0)
(19, 0): (0, 0)
2(19, 32): (0, 0)
(19, 32): (0, 0)
2(20, 0): (0, 0)
(20, 0): (0, 0)
2(20, 32): (0, 0)
(20, 32): (0, 0)
2(21, 0): (0, 0)
(21, 0): (0, 0)
2(21, 32): (0, 0)
(21, 32): (0, 0)
2(22, 0): (0, 0)
(22, 0): (0, 0)
2(22, 32): (0, 0)
(22, 32): (0, 0)
2(23, 0): (0, 0)
(23, 0): (0, 0)
2(23, 32): (0, 0)
(23, 32): (0, 0)
2(24, 0): (0, 0)
(24, 0): (0, 0)
2(24, 32): (0, 0)
(24, 32): (0, 0)
2(25, 0): (0, 0)
(25, 0): (0, 0)
2(25, 32): (0, 0)
(25, 32): (0, 0)
2(26, 0): (0, 0)
(26, 0): (0, 0)
2(26, 32): (0, 0)
(26, 32): (0, 0)
2(27, 0): (0, 0)
(27, 0): (0, 0)
2(27, 32): (0, 0)
(27, 32): (0, 0)
2(28, 0): (0, 0)
(28, 0): (0, 0)
2(28, 32): (0, 0)
(28, 32): (0, 0)
2(29, 0): (0, 0)
(29, 0): (0, 0)
2(29, 32): (0, 0)
(29, 32): (0, 0)
2(30, 0): (0, 0)
(30, 0): (0, 0)
2(30, 32): (0, 0)
(30, 32): (0, 0)
2(31, 0): (0, 0)
(31, 0): (0, 0)
2(31, 32): (0, 0)
(31, 32): (0, 0)
2(32, 0): (0, 0)
(32, 0): (0, 0)
2(32, 32): (0, 0)
(32, 32): (0, 0)
2(33, 0): (0, 0)
(33, 0): (0, 0)
2(33, 32): (0, 0)
(33, 32): (0, 0)
2(34, 0): (0, 0)
(34, 0): (0, 0)
2(34, 32): (0, 0)
(34, 32): (0, 0)
2(35, 0): (0, 0)
(35, 0): (0, 0)
2(35, 32): (0, 0)
(35, 32): (0, 0)
2(36, 0): (0, 0)
(36, 0): (0, 0)
2(36, 32): (0, 0)
(36, 32): (0, 0)
2(37, 0): (0, 0)
(37, 0): (0, 0)
2(37, 32): (0, 0)
(37, 32): (0, 0)
2(38, 0): (0, 0)
(38, 0): (0, 0)
2(38, 32): (0, 0)
(38, 32): (0, 0)
2(39, 0): (0, 0)
(39, 0): (0, 0)
2(39, 32): (0, 0)
(39, 32): (0, 0)
2(40, 0): (0, 0)
(40, 0): (0, 0)
2(40, 32): (0, 0)
(40, 32): (0, 0)
2(41, 0): (0, 0)
(41, 0): (0, 0)
2(41, 32): (0, 0)
(41, 32): (0, 0)
2(42, 0): (0, 0)
(42, 0): (0, 0)
2(42, 32): (0, 0)
(42, 32): (0, 0)
2(43, 0): (0, 0)
(43, 0): (0, 0)
2(43, 32): (0, 0)
(43, 32): (0, 0)
2(44, 0): (0, 0)
(44, 0): (0, 0)
2(44, 32): (0, 0)
(44, 32): (0, 0)
2(45, 0): (0, 0)
(45, 0): (0, 0)
2(45, 32): (0, 0)
(45, 32): (0, 0)
2(46, 0): (0, 0)
(46, 0): (0, 0)
2(46, 32): (0, 0)
(46, 32): (0, 0)
2(47, 0): (0, 0)
(47, 0): (0, 0)
2(47, 32): (0, 0)
(47, 32): (0, 0)
2(48, 0): (0, 0)
(48, 0): (0, 0)
2(48, 32): (0, 0)
(48, 32): (0, 0)
2(49, 0): (0, 0)
(49, 0): (0, 0)
2(49, 32): (0, 0)
(49, 32): (0, 0)
2(50, 0): (0, 0)
(50, 0): (0, 0)
2(50, 32): (0, 0)
(50, 32): (0, 0)
2(51, 0): (0, 0)
(51, 0): (0, 0)
2(51, 32): (0, 0)
(51, 32): (0, 0)
2(52, 0): (0, 0)
(52, 0): (0, 0)
2(52, 32): (0, 0)
(52, 32): (0, 0)
2(53, 0): (0, 0)
(53, 0): (0, 0)
2(53, 32): (0, 0)
(53, 32): (0, 0)
2(54, 0): (0, 0)
(54, 0): (0, 0)
2(54, 32): (0, 0)
(54, 32): (0, 0)
2(55, 0): (0, 0)
(55, 0): (0, 0)
2(55, 32): (0, 0)
(55, 32): (0, 0)
2(56, 0): (0, 0)
(56, 0): (0, 0)
2(56, 32): (0, 0)
(56, 32): (0, 0)
2(57, 0): (0, 0)
(57, 0): (0, 0)
2(57, 32): (0, 0)
(57, 32): (0, 0)
2(58, 0): (0, 0)
(58, 0): (0, 0)
2(58, 32): (0, 0)
(58, 32): (0, 0)
2(59, 0): (0, 0)
(59, 0): (0, 0)
2(59, 32): (0, 0)
(59, 32): (0, 0)
2(60, 0): (0, 0)
(60, 0): (0, 0)
2(60, 32): (0, 0)
(60, 32): (0, 0)
2(61, 0): (0, 0)
(61, 0): (0, 0)
2(61, 32): (0, 0)
(61, 32): (0, 0)
2(62, 0): (0, 0)
(62, 0): (0, 0)
2(62, 32): (0, 0)
(62, 32): (0, 0)
2(63, 0): (0, 0)
(63, 0): (0, 0)
2(63, 32): (0, 0)
(63, 32): (0, 0)
2(64, 0): (0, 0)
(64, 0): (0, 0)
2(64, 32): (0, 0)
(64, 32): (0, 0)
2(65, 0): (0, 0)
(65, 0): (0, 0)
2(65, 32): (0, 0)
(65, 32): (0, 0)
2(34, 14): (0, 0)
(34, 14): (0, 0)
2(34, 15): (0, 0)
(34, 15): (0, 0)
2(34, 16): (0, 0)
(34, 16): (0, 0)
2(34, 17): (0, 0)
(34, 17): (0, 0)
2(34, 18): (0, 0)
(34, 18): (0, 0)
2(35, 13): (0, 0)
(35, 13): (0, 0)
2(35, 14): (0, 0)
(35, 14): (0, 0)
2(35, 15): (0, 0)
(35, 15): (0, 0)
2(35, 16): (0, 0)
(35, 16): (0, 0)
2(35, 17): (0, 0)
(35, 17): (0, 0)
2(35, 18): (0, 0)
(35, 18): (0, 0)
2(35, 19): (0, 0)
(35, 19): (0, 0)
2(36, 12): (0, 0)
(36, 12): (0, 0)
2(36, 13): (0, 0)
(36, 13): (0, 0)
2(36, 14): (0, 0)
(36, 14): (0, 0)
2(36, 15): (0, 0)
(36, 15): (0, 0)
2(36, 16): (0, 0)
(36, 16): (0, 0)
2(36, 17): (0, 0)
(36, 17): (0, 0)
2(36, 18): (0, 0)
(36, 18): (0, 0)
2(36, 19): (0, 0)
(36, 19): (0, 0)
2(36, 20): (0, 0)
(36, 20): (0, 0)
2(37, 12): (0, 0)
(37, 12): (0, 0)
2(37, 13): (0, 0)
(37, 13): (0, 0)
2(37, 14): (0, 0)
(37, 14): (0, 0)
2(37, 15): (0, 0)
(37, 15): (0, 0)
2(37, 16): (0, 0)
(37, 16): (0, 0)
2(37, 17): (0, 0)
(37, 17): (0, 0)
2(37, 18): (0, 0)
(37, 18): (0, 0)
2(37, 19): (0, 0)
(37, 19): (0, 0)
2(37, 20): (0, 0)
(37, 20): (0, 0)
2(38, 12): (0, 0)
(38, 12): (0, 0)
2(38, 13): (0, 0)
(38, 13): (0, 0)
2(38, 14): (0, 0)
(38, 14): (0, 0)
2(38, 15): (0, 0)
(38, 15): (0, 0)
2(38, 16): (0, 0)
(38, 16): (0, 0)
2(38, 17): (0, 0)
(38, 17): (0, 0)
2(38, 18): (0, 0)
(38, 18): (0, 0)
2(38, 19): (0, 0)
(38, 19): (0, 0)
2(38, 20): (0, 0)
(38, 20): (0, 0)
2(39, 12): (0, 0)
(39, 12): (0, 0)
2(39, 13): (0, 0)
(39, 13): (0, 0)
2(39, 14): (0, 0)
(39, 14): (0, 0)
2(39, 15): (0, 0)
(39, 15): (0, 0)
2(39, 16): (0, 0)
(39, 16): (0, 0)
2(39, 17): (0, 0)
(39, 17): (0, 0)
2(39, 18): (0, 0)
(39, 18): (0, 0)
2(39, 19): (0, 0)
(39, 19): (0, 0)
2(39, 20): (0, 0)
(39, 20): (0, 0)
2(40, 12): (0, 0)
(40, 12): (0, 0)
2(40, 13): (0, 0)
(40, 13): (0, 0)
2(40, 14): (0, 0)
(40, 14): (0, 0)
2(40, 15): (0, 0)
(40, 15): (0, 0)
2(40, 16): (0, 0)
(40, 16): (0, 0)
2(40, 17): (0, 0)
(40, 17): (0, 0)
2(40, 18): (0, 0)
(40, 18): (0, 0)
2(40, 19): (0, 0)
(40, 19): (0, 0)
2(40, 20): (0, 0)
(40, 20): (0, 0)
2(41, 13): (0, 0)
(41, 13): (0, 0)
2(41, 14): (0, 0)
(41, 14): (0, 0)
2(41, 15): (0, 0)
(41, 15): (0, 0)
2(41, 16): (0, 0)
(41, 16): (0, 0)
2(41, 17): (0, 0)
(41, 17): (0, 0)
2(41, 18): (0, 0)
(41, 18): (0, 0)
